DOLLAR=0.21
RUBLE=90.33
RUPEE=89.72
PESO=24.22
LIRA=9.88
YEN=131.52
BITCOIN=0.000022
CHILIZ=2.34
ETHEREUM=0.00047
DOGECOIN=4.5
CARDANO=0.9257